[[-2.9871,  3.3354],
        [ 2.8853, -3.1977],
        [ 3.1391, -3.5194],
        [-3.4305,  3.7147],
        [ 3.0956, -3.3189],
        [ 3.0775, -3.3033],
        [-1.8438,  2.1657],
        [-3.2587,  3.5559],
        [-0.6331,  0.6471],
        [-3.4551,  3.6773],
        [-2.0894,  2.4369],
        [ 1.4409, -1.3812],
        [-2.6233,  2.8828],
        [ 3.0768, -3.5542],
        [-3.3869,  3.6323],
        [ 1.1196, -0.9273],
        [ 2.0893, -2.3773],
        [ 1.1935, -1.2627],
        [-3.5078,  3.7633],
        [-2.5497,  2.7789],
        [-0.4728,  0.6826],
        [ 3.2608, -3.4987],
        [ 1.2912, -1.3970],
        [ 2.9772, -3.3162],
        [-2.3120,  2.5412],
        [ 1.4905, -1.4868],
        [-3.3202,  3.6322],
        [ 3.1290, -3.3789],
        [-0.9024,  1.3284],
        [-3.3359,  3.7924],
        [-2.8993,  3.2341],
        [-3.3764,  3.7704]],

tensor([1, 0, 0, 1, 0, 0, 1, 1, 1, 1, 1, 0, 1, 0, 1, 0, 0, 0, 1, 1, 1, 0, 0, 0,
        1, 0, 1, 0, 1, 1, 1, 1], device='cuda:0')


logits2: [[-1.7389,  1.8567],
        [ 2.0587, -1.8019],
        [ 2.7190, -2.3842],
        [-1.8968,  2.0224],
        [ 2.4398, -2.2822],
        [ 2.6325, -2.2675],
        [-0.6296,  0.6619],
        [-1.6335,  1.6696],
        [-0.0774,  0.2057],
        [-1.9608,  2.1555],
        [-0.9586,  0.9964],
        [ 1.6091, -1.4288],
        [-1.7647,  1.7376],
        [ 2.7875, -2.4902],
        [-2.0124,  2.1046],
        [ 0.4005, -0.3989],
        [ 2.0705, -1.9096],
        [ 1.1417, -1.0070],
        [-2.2468,  2.2937],
        [-1.1535,  1.2601],
        [ 0.0075,  0.0622],
        [ 2.5958, -2.3773],
        [ 0.7650, -0.6933],
        [ 2.4203, -2.2036],
        [-1.6764,  1.7137],
        [ 1.0675, -0.9365],
        [-2.0991,  2.2887],
        [ 2.6673, -2.3136],
        [ 0.1158, -0.1530],
        [-2.2470,  2.2962],
        [-1.2728,  1.3446],
        [-2.0649,  2.3086]], 

[0.8579, 0.7069, 0.7048, 0.6918, 0.6712, 0.6033, 0.5300, 0.5559, 0.8575,
        0.5902, 0.6104, 0.6154, 0.7019, 0.6564, 0.6289, 0.5766, 0.5431, 0.5858,
        0.5222, 0.5191, 0.5427, 0.6506, 0.6831, 0.6777, 0.5915, 0.7777, 0.6551,
        0.5910, 0.8659, 0.6108, 0.6756, 0.6589, 0.8580], device='cuda:0',
       grad_fn=<SelectBackward>